# JRM09: Juno Reference core field Model through Perijove 09
# Use degrees 1-10 (instead of 20), as authors state: "A model constructed using 264 of the 440 possible eigenvectors is sufficient to resolve well (Rnn > 0.90; see supporting information) almost all of the spherical harmonic coefficients through degree and order 10." (Connerney et al., 2018, https://doi.org/10.1002/2018GL077312)
2017.2500
g  1   0    410244.7
g  1   1    -71498.3
h  1  -1     21330.5
g  2   0     11670.4
g  2   1    -56835.8
h  2  -1    -42027.3
g  2   2     48689.5
h  2  -2     19353.2
g  3   0      4018.6
g  3   1    -37791.1
h  3  -1    -32957.3
g  3   2     15926.3
h  3  -2     42084.5
g  3   3     -2710.5
h  3  -3    -27544.2
g  4   0    -34645.4
g  4   1     -8247.6
h  4  -1     31994.5
g  4   2     -2406.1
h  4  -2     27811.2
g  4   3    -11083.8
h  4  -3      -926.1
g  4   4    -17837.2
h  4  -4       367.1
g  5   0    -18023.6
g  5   1      4683.9
h  5  -1     45347.9
g  5   2     16160.0
h  5  -2      -749.0
g  5   3    -16402.0
h  5  -3      6268.5
g  5   4     -2600.7
h  5  -4     10859.6
g  5   5     -3660.7
h  5  -5      9608.4
g  6   0    -20819.6
g  6   1      9992.9
h  6  -1     14533.1
g  6   2     11791.8
h  6  -2    -10592.9
g  6   3    -12574.7
h  6  -3       568.6
g  6   4      2669.7
h  6  -4     12871.7
g  6   5      1113.2
h  6  -5     -4147.8
g  6   6      7584.9
h  6  -6      3604.4
g  7   0       598.4
g  7   1      4665.9
h  7  -1     -7626.3
g  7   2     -6495.7
h  7  -2    -10948.4
g  7   3     -2516.5
h  7  -3      2633.3
g  7   4     -6448.5
h  7  -4      5394.2
g  7   5      1855.3
h  7  -5     -6050.8
g  7   6     -2892.9
h  7  -6     -1526.0
g  7   7      2968.0
h  7  -7     -5684.2
g  8   0     10059.2
g  8   1      1934.4
h  8  -1     -2409.7
g  8   2     -6702.9
h  8  -2    -11614.6
g  8   3       153.7
h  8  -3      9287.0
g  8   4     -4124.2
h  8  -4      -911.9
g  8   5      -867.2
h  8  -5      2754.5
g  8   6     -3740.6
h  8  -6     -2446.1
g  8   7      -732.4
h  8  -7      1207.3
g  8   8     -2433.2
h  8  -8     -2887.3
g  9   0      9671.8
g  9   1     -3046.2
h  9  -1     -8467.4
g  9   2       260.9
h  9  -2     -1383.8
g  9   3      2071.3
h  9  -3      5697.7
g  9   4      3329.6
h  9  -4     -2056.3
g  9   5     -2523.1
h  9  -5      3081.5
g  9   6      1787.1
h  9  -6      -721.2
g  9   7     -1148.2
h  9  -7      1352.5
g  9   8      1276.5
h  9  -8      -210.1
g  9   9     -1976.8
h  9  -9      1567.6
g 10   0     -2299.5
g 10   1      2009.7
h 10  -1     -4692.6
g 10   2      2127.8
h 10  -2      4445.8
g 10   3      3498.3
h 10  -3     -2378.6
g 10   4      2967.6
h 10  -4     -2204.3
g 10   5        16.3
h 10  -5       164.1
g 10   6      1806.5
h 10  -6     -1361.6
g 10   7       -46.5
h 10  -7     -2031.5
g 10   8      2897.8
h 10  -8      1411.8
g 10   9       574.5
h 10  -9      -714.3
g 10  10      1298.9
h 10 -10      1676.5
g 11   0      2304.0
g 11   1      2861.7
h 11  -1       246.0
g 11   2      -969.5
h 11  -2      4100.4
g 11   3      2984.4
h 11  -3     -3942.6
g 11   4       769.1
h 11  -4     -2078.2
g 11   5      -277.1
h 11  -5      -324.4
g 11   6     -1145.8
h 11  -6     -1703.3
g 11   7      -947.3
h 11  -7      -715.8
g 11   8       496.9
h 11  -8     -1400.8
g 11   9      -130.6
h 11  -9     -2105.7
g 11  10      -531.8
h 11 -10      -143.6
g 11  11      1298.6
h 11 -11      -941.4
g 12   0      2462.6
g 12   1      2517.7
h 12  -1      3918.7
g 12   2      -830.7
h 12  -2      2545.4
g 12   3       193.9
h 12  -3     -2112.6
g 12   4      -360.2
h 12  -4      -294.5
g 12   5      -539.1
h 12  -5      1060.4
g 12   6      -825.3
h 12  -6      -429.8
g 12   7     -1628.1
h 12  -7       774.8
g 12   8      1817.3
h 12  -8      -837.0
g 12   9      -874.1
h 12  -9       185.5
g 12  10     -1357.7
h 12 -10       449.4
g 12  11      -216.5
h 12 -11       438.1
g 12  12     -1199.3
h 12 -12     -1132.5
g 13   0       531.2
g 13   1       442.0
h 13  -1      3437.4
g 13   2       910.8
h 13  -2       133.5
g 13   3     -1571.8
h 13  -3      -838.3
g 13   4      -124.7
h 13  -4      1179.4
g 13   5       612.3
h 13  -5      -120.0
g 13   6        48.1
h 13  -6      1369.2
g 13   7       261.5
h 13  -7      1291.9
g 13   8       415.9
h 13  -8       533.2
g 13   9      -779.2
h 13  -9        -1.4
g 13  10        83.8
h 13 -10      1339.7
g 13  11      -257.1
h 13 -11      1654.2
g 13  12       473.5
h 13 -12        35.2
g 13  13      -445.8
h 13 -13      1516.2
g 14   0      1390.2
g 14   1      -838.6
h 14  -1       186.2
g 14   2       212.9
h 14  -2       -44.6
g 14   3     -1626.9
h 14  -3        54.7
g 14   4      -242.5
h 14  -4       802.4
g 14   5       605.3
h 14  -5         8.2
g 14   6      -346.3
h 14  -6       658.8
g 14   7       104.6
h 14  -7      -273.6
g 14   8       394.0
h 14  -8       340.3
g 14   9       233.9
h 14  -9      -230.6
g 14  10       277.7
h 14 -10      1202.9
g 14  11       177.3
h 14 -11      -643.5
g 14  12      1259.3
h 14 -12        -6.4
g 14  13       525.5
h 14 -13      -282.7
g 14  14      1320.4
h 14 -14       143.6
g 15   0       764.3
g 15   1      -803.2
h 15  -1     -1159.5
g 15   2      -141.2
h 15  -2      -270.0
g 15   3      -750.4
h 15  -3        34.7
g 15   4      -420.6
h 15  -4       179.1
g 15   5       383.8
h 15  -5         4.2
g 15   6      -729.8
h 15  -6       311.3
g 15   7       444.9
h 15  -7         9.3
g 15   8      -884.1
h 15  -8       -36.0
g 15   9       107.6
h 15  -9        -8.6
g 15  10      -319.2
h 15 -10      1084.7
g 15  11       358.0
h 15 -11      -694.7
g 15  12      -637.9
h 15 -12      -142.2
g 15  13      -194.0
h 15 -13      -517.7
g 15  14      -280.6
h 15 -14      -353.3
g 15  15       -41.3
h 15 -15      -747.7
g 16   0      -359.2
g 16   1      -395.1
h 16  -1      -928.1
g 16   2      -653.1
h 16  -2      -397.0
g 16   3      -242.0
h 16  -3       222.7
g 16   4      -388.0
h 16  -4      -143.4
g 16   5      -279.0
h 16  -5       231.0
g 16   6      -461.0
h 16  -6       161.6
g 16   7       -53.8
h 16  -7       312.0
g 16   8     -1211.9
h 16  -8       177.8
g 16   9       315.4
h 16  -9       778.7
g 16  10      -767.3
h 16 -10       307.9
g 16  11        25.6
h 16 -11      -306.7
g 16  12      -790.9
h 16 -12       301.6
g 16  13       249.9
h 16 -13       474.3
g 16  14      -340.3
h 16 -14        43.2
g 16  15      -515.6
h 16 -15       601.7
g 16  16      -247.4
h 16 -16       638.3
g 17   0      -566.4
g 17   1        88.8
h 17  -1       194.1
g 17   2      -480.6
h 17  -2       103.7
g 17   3        95.0
h 17  -3       743.5
g 17   4       -43.4
h 17  -4       181.2
g 17   5      -310.2
h 17  -5       467.7
g 17   6       177.2
h 17  -6        33.5
g 17   7      -155.4
h 17  -7       358.7
g 17   8      -820.3
h 17  -8       353.8
g 17   9       272.6
h 17  -9       799.9
g 17  10       -88.5
h 17 -10       179.6
g 17  11      -137.0
h 17 -11       267.8
g 17  12      -101.2
h 17 -12       556.4
g 17  13       237.4
h 17 -13        28.4
g 17  14       279.8
h 17 -14       102.4
g 17  15        -3.4
h 17 -15       531.0
g 17  16       551.2
h 17 -16      -108.7
g 17  17       -85.9
h 17 -17       371.4
g 18   0      -171.3
g 18   1       194.5
h 18  -1       617.9
g 18   2       612.2
h 18  -2       -37.7
g 18   3       280.7
h 18  -3       176.3
g 18   4       471.1
h 18  -4       -18.7
g 18   5      -101.9
h 18  -5      -174.3
g 18   6       486.5
h 18  -6      -219.0
g 18   7       192.2
h 18  -7       -85.6
g 18   8        11.7
h 18  -8       158.5
g 18   9       119.6
h 18  -9       342.7
g 18  10       404.9
h 18 -10      -153.6
g 18  11       -96.0
h 18 -11       -34.1
g 18  12        90.8
h 18 -12       220.0
g 18  13       358.9
h 18 -13      -352.1
g 18  14       123.8
h 18 -14       107.6
g 18  15       164.9
h 18 -15        19.1
g 18  16       -15.6
h 18 -16      -317.9
g 18  17        40.6
h 18 -17      -116.5
g 18  18       297.5
h 18 -18        22.9
g 19   0      -157.1
g 19   1       415.5
h 19  -1       -98.0
g 19   2       436.6
h 19  -2      -151.9
g 19   3       371.0
h 19  -3      -407.9
g 19   4       258.5
h 19  -4      -229.0
g 19   5      -248.5
h 19  -5      -416.4
g 19   6       302.2
h 19  -6      -108.7
g 19   7      -262.3
h 19  -7      -173.6
g 19   8       279.0
h 19  -8       129.0
g 19   9      -109.9
h 19  -9      -295.4
g 19  10       -57.7
h 19 -10      -221.7
g 19  11      -282.3
h 19 -11      -317.6
g 19  12      -171.1
h 19 -12       -54.2
g 19  13        42.2
h 19 -13      -329.2
g 19  14       -88.3
h 19 -14        75.2
g 19  15       200.4
h 19 -15       -91.9
g 19  16      -171.5
h 19 -16       -38.1
g 19  17        21.1
h 19 -17      -161.8
g 19  18       -81.9
h 19 -18       -84.5
g 19  19       -14.1
h 19 -19      -207.6
g 20   0      -205.2
g 20   1       222.6
h 20  -1      -417.4
g 20   2      -297.1
h 20  -2       162.9
g 20   3       241.2
h 20  -3      -160.2
g 20   4      -286.4
h 20  -4       116.1
g 20   5       -13.7
h 20  -5        26.7
g 20   6      -133.2
h 20  -6       150.2
g 20   7      -234.2
h 20  -7       119.2
g 20   8       118.0
h 20  -8       254.8
g 20   9      -397.0
h 20  -9      -488.3
g 20  10      -123.3
h 20 -10       216.4
g 20  11      -217.2
h 20 -11       -66.0
g 20  12       -95.3
h 20 -12        71.5
g 20  13      -164.0
h 20 -13       163.4
g 20  14        32.2
h 20 -14       -68.2
g 20  15       110.1
h 20 -15       -27.6
g 20  16      -107.2
h 20 -16       129.0
g 20  17       -49.7
h 20 -17       -42.6
g 20  18      -107.3
h 20 -18        31.4
g 20  19       -17.1
h 20 -19        58.6
g 20  20      -172.8
h 20 -20        78.5
