# Cassini11: Saturn Reference core field Model from Grand Finale Orbits 271-280, excluding Rev 277
# Use degrees 1-11, as authors state: "only up to degree 11 well-resolved" (Dougherty et al., 2018, DOI: 10.1126/science.aat5434)
2017.3957
g  1   0     21140.2
g  1   1         0.0
h  1  -1         0.0
g  2   0      1581.1
g  2   1         0.0
h  2  -1         0.0
g  2   2         0.0
h  2  -2         0.0
g  3   0      2260.1
g  3   1         0.0
h  3  -1         0.0
g  3   2         0.0
h  3  -2         0.0
g  3   3         0.0
h  3  -3         0.0
g  4   0        91.1
g  4   1         0.0
h  4  -1         0.0
g  4   2         0.0
h  4  -2         0.0
g  4   3         0.0
h  4  -3         0.0
g  4   4         0.0
h  4  -4         0.0
g  5   0        12.6
g  5   1         0.0
h  5  -1         0.0
g  5   2         0.0
h  5  -2         0.0
g  5   3         0.0
h  5  -3         0.0
g  5   4         0.0
h  5  -4         0.0
g  5   5         0.0
h  5  -5         0.0
g  6   0        17.2
g  6   1         0.0
h  6  -1         0.0
g  6   2         0.0
h  6  -2         0.0
g  6   3         0.0
h  6  -3         0.0
g  6   4         0.0
h  6  -4         0.0
g  6   5         0.0
h  6  -5         0.0
g  6   6         0.0
h  6  -6         0.0
g  7   0       -59.6
g  7   1         0.0
h  7  -1         0.0
g  7   2         0.0
h  7  -2         0.0
g  7   3         0.0
h  7  -3         0.0
g  7   4         0.0
h  7  -4         0.0
g  7   5         0.0
h  7  -5         0.0
g  7   6         0.0
h  7  -6         0.0
g  7   7         0.0
h  7  -7         0.0
g  8   0       -10.5
g  8   1         0.0
h  8  -1         0.0
g  8   2         0.0
h  8  -2         0.0
g  8   3         0.0
h  8  -3         0.0
g  8   4         0.0
h  8  -4         0.0
g  8   5         0.0
h  8  -5         0.0
g  8   6         0.0
h  8  -6         0.0
g  8   7         0.0
h  8  -7         0.0
g  8   8         0.0
h  8  -8         0.0
g  9   0       -12.9
g  9   1         0.0
h  9  -1         0.0
g  9   2         0.0
h  9  -2         0.0
g  9   3         0.0
h  9  -3         0.0
g  9   4         0.0
h  9  -4         0.0
g  9   5         0.0
h  9  -5         0.0
g  9   6         0.0
h  9  -6         0.0
g  9   7         0.0
h  9  -7         0.0
g  9   8         0.0
h  9  -8         0.0
g  9   9         0.0
h  9  -9         0.0
g 10   0        15.0
g 10   1         0.0
h 10  -1         0.0
g 10   2         0.0
h 10  -2         0.0
g 10   3         0.0
h 10  -3         0.0
g 10   4         0.0
h 10  -4         0.0
g 10   5         0.0
h 10  -5         0.0
g 10   6         0.0
h 10  -6         0.0
g 10   7         0.0
h 10  -7         0.0
g 10   8         0.0
h 10  -8         0.0
g 10   9         0.0
h 10  -9         0.0
g 10  10         0.0
h 10 -10         0.0
g 11   0        18.2
g 11   1         0.0
h 11  -1         0.0
g 11   2         0.0
h 11  -2         0.0
g 11   3         0.0
h 11  -3         0.0
g 11   4         0.0
h 11  -4         0.0
g 11   5         0.0
h 11  -5         0.0
g 11   6         0.0
h 11  -6         0.0
g 11   7         0.0
h 11  -7         0.0
g 11   8         0.0
h 11  -8         0.0
g 11   9         0.0
h 11  -9         0.0
g 11  10         0.0
h 11 -10         0.0
g 11  11         0.0
h 11 -11         0.0
g 12   0         0.3
g 12   1         0.0
h 12  -1         0.0
g 12   2         0.0
h 12  -2         0.0
g 12   3         0.0
h 12  -3         0.0
g 12   4         0.0
h 12  -4         0.0
g 12   5         0.0
h 12  -5         0.0
g 12   6         0.0
h 12  -6         0.0
g 12   7         0.0
h 12  -7         0.0
g 12   8         0.0
h 12  -8         0.0
g 12   9         0.0
h 12  -9         0.0
g 12  10         0.0
h 12 -10         0.0
g 12  11         0.0
h 12 -11         0.0
g 12  12         0.0
h 12 -12         0.0
